C:\Users\shubh\PycharmProjects\pixelate1\venv\Scripts\python.exe "F:/PycharmProjects/practice series/motion1.py"
----------------------------Going to: 24 --------------------------------
Bot at: 4 3
Corners: [[256. 156.]
 [256. 133.]
 [279. 133.]
 [279. 157.]]
bot: [267.5  144.75]
shape: 300 305
next: [270.  213.5]
Corners: [[256. 156.]
 [256. 133.]
 [279. 133.]
 [279. 157.]]
Corners: [[256. 156.]
 [256. 133.]
 [279. 133.]
 [279. 157.]]
Angle: 94.62008655317855
left
Corners: [[256. 156.]
 [257. 133.]
 [279. 134.]
 [279. 157.]]
Corners: [[256. 156.]
 [257. 133.]
 [279. 134.]
 [279. 157.]]
Angle: 94.41872096037798
left
Corners: [[256. 156.]
 [256. 133.]
 [280. 134.]
 [279. 157.]]
Corners: [[256. 156.]
 [256. 133.]
 [280. 134.]
 [279. 157.]]
Angle: 94.41872096037798
left
Corners: [[259. 160.]
 [255. 137.]
 [278. 134.]
 [281. 157.]]
Corners: [[259. 160.]
 [255. 137.]
 [278. 134.]
 [281. 157.]]
Angle: 83.7847450354195
left
Corners: [[264. 166.]
 [254. 146.]
 [275. 136.]
 [285. 156.]]
Corners: [[264. 166.]
 [254. 146.]
 [275. 136.]
 [285. 156.]]
Angle: 65.02797780957425
left
Corners: [[275. 171.]
 [257. 156.]
 [272. 139.]
 [289. 153.]]
Corners: [[275. 171.]
 [257. 156.]
 [272. 139.]
 [289. 153.]]
Angle: 34.7262618669286
left
Corners: [[286. 172.]
 [264. 165.]
 [272. 143.]
 [293. 150.]]
Corners: [[286. 172.]
 [264. 165.]
 [272. 143.]
 [293. 150.]]
Angle: 8.773913069417318
FORWARD
Stop
Corners: [[294. 183.]
 [271. 182.]
 [272. 159.]
 [295. 160.]]
Distance: 44.44378471732578
Corners: [[293. 184.]
 [271. 183.]
 [272. 159.]
 [295. 161.]]
Corners: [[293. 184.]
 [271. 183.]
 [272. 159.]
 [295. 161.]]
Angle: -12.018458571739101
right
Corners: [[290. 185.]
 [268. 181.]
 [272. 158.]
 [294. 162.]]
Corners: [[290. 185.]
 [268. 181.]
 [272. 158.]
 [294. 162.]]
Angle: -4.813026193528533
FORWARD
Stop
Corners: [[279. 198.]
 [258. 189.]
 [267. 168.]
 [288. 177.]]
Distance: 30.64718584144391
Corners: [[278. 199.]
 [258. 189.]
 [267. 168.]
 [288. 178.]]
Corners: [[278. 199.]
 [258. 189.]
 [267. 168.]
 [288. 178.]]
Angle: 20.236127849473643
left
Corners: [[281. 199.]
 [259. 192.]
 [267. 170.]
 [288. 177.]]
Corners: [[281. 199.]
 [259. 192.]
 [267. 170.]
 [288. 177.]]
Angle: 10.28728836509462
left
Corners: [[291. 195.]
 [268. 196.]
 [267. 172.]
 [290. 172.]]
Corners: [[291. 195.]
 [268. 196.]
 [267. 172.]
 [290. 172.]]
Angle: -19.33102168440252
right
Corners: [[291. 195.]
 [269. 196.]
 [267. 172.]
 [290. 171.]]
Corners: [[291. 195.]
 [269. 196.]
 [267. 172.]
 [290. 171.]]
Angle: -19.532120486649145
right
Corners: [[280. 200.]
 [258. 191.]
 [267. 170.]
 [288. 178.]]
Corners: [[280. 200.]
 [258. 191.]
 [267. 170.]
 [288. 178.]]
Angle: 13.540436242178323
left
Corners: [[277. 201.]
 [256. 191.]
 [266. 171.]
 [286. 180.]]
Corners: [[277. 201.]
 [256. 191.]
 [266. 171.]
 [286. 180.]]
Angle: 20.629901494235718
left
Corners: [[286. 200.]
 [263. 197.]
 [266. 174.]
 [289. 177.]]
Corners: [[286. 200.]
 [263. 197.]
 [266. 174.]
 [289. 177.]]
Angle: -5.328825677223413
FORWARD
Stop
Corners: [[297. 209.]
 [274. 213.]
 [270. 190.]
 [293. 186.]]
Distance: 19.448650338776723
Corners: [[297. 210.]
 [274. 213.]
 [271. 190.]
 [293. 187.]]
Corners: [[297. 210.]
 [274. 213.]
 [271. 190.]
 [293. 187.]]
Angle: -55.419536892926594
right
Corners: [[294. 212.]
 [271. 213.]
 [270. 190.]
 [293. 189.]]
Corners: [[294. 212.]
 [271. 213.]
 [270. 190.]
 [293. 189.]]
Angle: -46.343907980394704
right
Corners: [[283. 216.]
 [261. 207.]
 [270. 186.]
 [291. 194.]]
Corners: [[283. 216.]
 [261. 207.]
 [270. 186.]
 [291. 194.]]
Angle: -6.133915742262337
FORWARD
Stop
Corners: [[267. 229.]
 [249. 215.]
 [262. 197.]
 [281. 209.]]
Distance: 5.344389581607987
arrived 24
----------------------------Going to: 25 --------------------------------
Bot at: 4 4
Corners: [[267. 229.]
 [249. 216.]
 [262. 197.]
 [281. 210.]]
bot: [264.75 213.  ]
shape: 300 305
next: [270.  274.5]
Corners: [[268. 229.]
 [249. 216.]
 [262. 197.]
 [281. 210.]]
Corners: [[268. 229.]
 [249. 216.]
 [262. 197.]
 [281. 210.]]
Angle: 39.04811114346427
left
Corners: [[271. 229.]
 [250. 218.]
 [261. 198.]
 [281. 209.]]
Corners: [[271. 229.]
 [250. 218.]
 [261. 198.]
 [281. 209.]]
Angle: 30.566025462403662
left
Corners: [[281. 227.]
 [258. 223.]
 [261. 201.]
 [285. 204.]]
Corners: [[281. 227.]
 [258. 223.]
 [261. 201.]
 [285. 204.]]
Angle: 8.691453969931306
FORWARD
Stop
Corners: [[286. 238.]
 [263. 238.]
 [263. 214.]
 [286. 214.]]
Distance: 48.708315511830214
Corners: [[286. 238.]
 [263. 238.]
 [263. 214.]
 [286. 214.]]
Corners: [[286. 238.]
 [263. 238.]
 [263. 214.]
 [286. 214.]]
Angle: -5.303615223419246
FORWARD
Stop
Corners: [[285. 252.]
 [262. 251.]
 [264. 227.]
 [287. 228.]]
Distance: 35.28809997718778
Corners: [[285. 252.]
 [262. 251.]
 [264. 227.]
 [287. 229.]]
Corners: [[285. 252.]
 [262. 251.]
 [264. 227.]
 [287. 229.]]
Angle: -2.4100168904190227
FORWARD
Stop
Corners: [[285. 265.]
 [262. 264.]
 [263. 240.]
 [287. 242.]]
Distance: 22.16134021218031
Corners: [[285. 265.]
 [262. 264.]
 [263. 240.]
 [287. 242.]]
Corners: [[285. 265.]
 [262. 264.]
 [263. 240.]
 [287. 242.]]
Angle: -6.089759500676822
FORWARD
Stop
Corners: [[284. 279.]
 [260. 276.]
 [263. 253.]
 [286. 255.]]
Distance: 9.334077351297235
arrived 25
----------------------------Going to: 19 --------------------------------
Bot at: 3 3
Corners: [[284. 279.]
 [260. 276.]
 [263. 253.]
 [286. 255.]]
bot: [273.25 265.75]
shape: 300 305
next: [210.  213.5]
Corners: [[283. 280.]
 [260. 277.]
 [263. 253.]
 [286. 256.]]
Corners: [[283. 280.]
 [260. 277.]
 [263. 253.]
 [286. 256.]]
Angle: -123.010234650077
right
Corners: [[281. 281.]
 [258. 276.]
 [263. 253.]
 [286. 258.]]
Corners: [[281. 281.]
 [258. 276.]
 [263. 253.]
 [286. 258.]]
Angle: -118.58635957843659
right
Corners: [[272. 282.]
 [252. 271.]
 [263. 251.]
 [283. 262.]]
Corners: [[272. 282.]
 [252. 271.]
 [263. 251.]
 [283. 262.]]
Angle: -103.90986044631295
right
Corners: [[257. 279.]
 [246. 258.]
 [265. 247.]
 [277. 267.]]
Corners: [[257. 279.]
 [246. 258.]
 [265. 247.]
 [277. 267.]]
Angle: -74.86164416149063
right
Corners: [[247. 271.]
 [244. 248.]
 [267. 245.]
 [270. 269.]]
Corners: [[247. 271.]
 [244. 248.]
 [267. 245.]
 [270. 269.]]
Angle: -48.5895815251614
right
Corners: [[241. 263.]
 [245. 241.]
 [268. 244.]
 [265. 268.]]
Corners: [[241. 263.]
 [245. 241.]
 [268. 244.]
 [265. 268.]]
Angle: -30.393094096750403
right
Corners: [[239. 252.]
 [251. 232.]
 [271. 244.]
 [259. 264.]]
Corners: [[239. 252.]
 [251. 232.]
 [271. 244.]
 [259. 264.]]
Angle: -6.515726224802461
FORWARD
Stop
Corners: [[231. 232.]
 [248. 218.]
 [263. 235.]
 [245. 251.]]
Distance: 42.08102303889486
Corners: [[230. 233.]
 [248. 218.]
 [263. 235.]
 [245. 251.]]
Corners: [[230. 233.]
 [248. 218.]
 [263. 235.]
 [245. 251.]]
Angle: 20.58693191298889
left
Corners: [[229. 235.]
 [244. 218.]
 [261. 233.]
 [246. 250.]]
Corners: [[229. 235.]
 [244. 218.]
 [261. 233.]
 [246. 250.]]
Angle: 11.071162773941534
left
Corners: [[228. 247.]
 [236. 225.]
 [257. 232.]
 [250. 255.]]
Corners: [[228. 247.]
 [236. 225.]
 [257. 232.]
 [250. 255.]]
Angle: -18.739500244364233
right
Corners: [[229. 250.]
 [234. 228.]
 [257. 232.]
 [252. 256.]]
Corners: [[229. 250.]
 [234. 228.]
 [257. 232.]
 [252. 256.]]
Angle: -25.706258149221043
right
Corners: [[228. 241.]
 [239. 221.]
 [259. 232.]
 [247. 253.]]
Corners: [[228. 241.]
 [239. 221.]
 [259. 232.]
 [247. 253.]]
Angle: -2.6888163467571213
FORWARD
Stop
Corners: [[218. 225.]
 [233. 209.]
 [250. 224.]
 [235. 241.]]
Distance: 26.505895570608438
Corners: [[218. 225.]
 [233. 209.]
 [250. 224.]
 [235. 241.]]
Corners: [[218. 225.]
 [233. 209.]
 [250. 224.]
 [235. 241.]]
Angle: 18.158666194818085
left
Corners: [[217. 228.]
 [230. 210.]
 [249. 224.]
 [235. 242.]]
Corners: [[217. 228.]
 [230. 210.]
 [249. 224.]
 [235. 242.]]
Angle: 9.092975091939538
FORWARD
Stop
Corners: [[204. 229.]
 [213. 208.]
 [234. 217.]
 [225. 239.]]
Distance: 13.268854509715599
Corners: [[204. 229.]
 [213. 208.]
 [234. 217.]
 [225. 239.]]
Corners: [[204. 229.]
 [213. 208.]
 [234. 217.]
 [225. 239.]]
Angle: -21.838336086476154
right
Corners: [[203. 224.]
 [216. 205.]
 [235. 217.]
 [223. 237.]]
Corners: [[203. 224.]
 [216. 205.]
 [235. 217.]
 [223. 237.]]
Angle: -5.067474318697191
FORWARD
Stop
Corners: [[195. 210.]
 [210. 194.]
 [227. 209.]
 [212. 226.]]
Distance: 3.881043674065006
arrived 19
Completed
[ WARN:0] global C:\projects\opencv-python\opencv\modules\videoio\src\cap_msmf.cpp (674) SourceReaderCB::~SourceReaderCB terminating async callback
Select a ROI and then press SPACE or ENTER button!
Cancel the selection process by pressing c button!

Process finished with exit code 0
